[schedule.jpg]
moddate=ec8d387666ced101
width=825
height=582
text=6;130;8;Cleaning;Kalinga;0.139262,0.239234,0.038889,6.283185;v1,4278190080,4278190080,128.000000,1.000000,0.000000,1.000000,400,0,49152;;131;9;Groceries;Kalinga;0.450198,0.281983,0.038889,6.068248;v1,4278190080,4278190080,128.000000,1.000000,0.000000,1.000000,400,0,49152;;136;13;Bills Payment;Kalinga;0.749743,0.247875,0.038889,6.263752;v1,4278190080,4278190080,128.000000,1.000000,0.000000,1.000000,400,0,49152;;129;7;Laundry;Kalinga;0.120277,0.674469,0.038889,0.229266;v1,4278190080,4278190080,128.000000,1.000000,0.000000,1.000000,400,0,49152;;130;8;Shopping;Kalinga;0.451814,0.740969,0.039328,6.161864;v1,4278190080,4278190080,128.000000,1.000000,0.000000,1.000000,400,0,49152;;134;11;Lawn Mowing;Kalinga;0.733133,0.705588,0.038889,6.102675;v1,4278190080,4278190080,128.000000,1.000000,0.000000,1.000000,400,0,49152;;
textactive=1
