[task.jpg]
text=4;130;8;Cleaning;Kalinga;0.158636,0.270944,0.022608,6.213053;v1,4278190080,4278190080,128.000000,1.000000,0.500000,1.000000,400,2,49152;;130;8;Shopping;Kalinga;0.475767,0.744925,0.026036,6.021386;v1,4278190080,4278190080,128.000000,1.000000,0.500000,1.000000,400,2,49152;;136;13;Bills Payment;Kalinga;0.777322,0.259928,0.022896,6.283185;v1,4278190080,4278190080,128.000000,1.000000,0.500000,1.000000,400,2,49152;;131;9;Groceries;Kalinga;0.472816,0.298849,0.022549,6.080967;v1,4278190080,4278190080,128.000000,1.000000,0.500000,1.000000,400,2,49152;;
backuphash=20848
textactive=1
[schedule.jpg]
backuphash=61162
